0.6384272449995478
0.9849794130004739
0.5403337629995804
0.5340176899990183
0.545037111000056
0.5377896019999753
0.7541241269991588
0.5668719179993786
0.5490017800002533
0.5441551379990415
0.5834991970004921
0.532526074000998
0.5374682339988794
0.5312235490000603
0.6169372340009431
0.6635977649984852
0.6141786660009529
0.664458127999751
0.6728635719991871
0.6648365319997538
0.6982495140000538
0.662636367000232
0.6187448670007143
0.6565358660009224
0.6608340870006941
0.663085604999651
0.6289160920005088
0.6342710080007237
0.581580567999481
1.4967180130006454
0.620994143999269
0.5852171659989835
0.5733460489991558
0.7263311379992956
0.6650615509988711
0.6331082050000987
0.6589989009989949
0.643602001000545
0.6443159020000166
0.6476328919998195
0.6202024680005707
0.7756469980013208
0.7106399819986109
0.7427072909995331
0.7161331009992864
0.8785870140000043
0.9010969260016282
0.8986490209990734
0.7731113000008918
0.817910680998466
0.8171422250015894
0.7157626600001095
0.7663973609996901
1.2103922060014156
0.7363962930012349
0.610774961000061
0.6583721699989837
0.7813506179991236
0.6977491179986828
0.5965546249990439
0.7628506339988235
0.6613049600000522
0.6836482609996892
0.7598362359985913
0.7197042759999022
0.7708694160010054
0.7563209159998223
0.8047952270007954
0.7119719759994041
0.7048270940013026
0.6409990850006579
0.6670945770001708
0.6276542590003373
0.6936123239993321
0.6297906109994074
0.7494535890000407
0.623833146000834
0.6639914199986379
0.7458640839995496
0.6345596620012657
0.7411439039988181
0.6932621989999461
0.7437167890002456
1.6282334820007236
0.6752400990008027
0.6523162289995525
0.7150281919984991
0.678103315000044
0.7196757439996873
0.6749850100004551
0.8050283970005694
0.742072693999944
0.8502640900005645
0.7778125089989771
0.6618501829998422
0.6476999930000602
0.6433697900010884
0.8351157250017422
0.6611821330006933
0.614419010000347
0.6809959769998386
0.68878546400083
0.6409118499996111
0.6358389510005509
0.6913334049986588
0.7319118979994528
0.6171964870009106
0.6002642100011144
0.6266970510005194
0.6396048820006399
0.6111981329995615
0.626879920000647
0.6114358340000763
0.7578415040006803
0.76605580100113
0.6433619790004741
0.7315814960002172
0.7156124510001973
0.8582303200000752
0.717063309999503
0.683485698998993
0.6927993019999121
0.7730315740009246
0.7871268569997483
0.6693726389985386
0.795126638999136
0.7288023180008167
1.3259878190001473
0.7150333839999803
0.7444728089994896
0.7645169289990008
0.7984729439995135
0.7305664520008577
0.9017589949999092
0.8041116540007351
0.7212582939991989
0.8138168400000723
0.7291407400007301
0.7376843139991252
0.7069328729994595
0.68631887400079
0.6767068199987989
0.6256571670000994
0.615512509999462
0.705377029000374
0.6721401200011314
0.6428050300000905
0.6331789570012916
0.6806458719984221
0.6363997389998985
1.5057974899991677
0.7604114869991463
0.6876842269994086
0.6804444000008516
0.7602426519988512
0.6787873939993005
0.8447406819996104
0.7758090989991615
0.698740189000091
1.0021959200003039
1.1976584469994123
1.1057602939999924
0.6432748299994273
0.6670944479992613
0.6760714470001403
0.6364135989988426
0.7065033920007409
0.6431248330009112
0.6668121389993757
0.7343983179998759
0.814332600999478
0.6984244480008783
0.6446926699991309
0.6579351119999046
0.7204180440003256
0.7275022719986737
0.7735809009991499
0.6710862949985312
0.6770633699998143
0.6663581430002523
0.6093760899984773
0.710803316998863
0.6820655449992046
0.7361720709996007
0.907615304000501
0.7788199740007258
0.6558583819987689
0.6981624690015451
0.7391890920007427
0.7249277619994245
0.6998912929993821
0.783053615999961
0.7988678990004701
0.7452444080008718
0.8290061529987724
1.8111624160010251
0.7226274790009484
0.8036725379988638
0.7091538280001259
1.1659038580000924
0.8084055870003795
0.753573646001314
0.7234338500002195
0.7890672530011216
0.7068557879993023
0.725527463000617
0.6647685179996188
0.8000215960000787
0.7368497570005275
0.7744664329984516
0.7156002589999844
0.7888293520009029
1.3281819429994357
0.7778281930004596
0.7379915910005366
0.7418671030009136
0.737483828999757
0.7862425690000237
0.8094229469988932
0.7990943419990799
0.7815150139995239
0.8416273889997683
0.7341696040002716
0.746747912000501
0.8014735050001036
0.7622865030007233
0.7276296300005924
0.8415566080002463
0.8156076439991011
0.7439905680002994
0.7749710530006269
0.891526426999917
0.9720082019994152
0.7360453370001778
0.6930867499995657
0.7754850549990806
0.7337399160005589
0.727430851000463
0.7301508390009985
0.9963476050015743
0.7971206790007273
0.7575811959995917
0.8257697739991272
0.7667271650007024
0.7234032109990949
0.7614539440000954
0.7082802819986682
0.7530956530008552
0.7170936980000988
0.7777622060002614
0.7238696219992562
0.8055076300006476
0.7346477929986577
0.7592640469993057
0.7884596899984899
0.8970585509996454
0.7118288539986679
0.7161082760012505
0.7298517210001592
0.7787336199999118
0.7242736680000235
0.7415879029995267
0.7586737330002506
0.7724778259998857
0.8984959779991186
0.7674821749988041
0.7073315510006069
0.7593002109988447
0.69509995000044
1.1136525019992405
0.7767745649998687
0.705786905999048
0.734216225999262
0.7546210529999371
0.781681854999988
0.8110356100005447
0.761511242000779
0.7956861229995411
0.8045980919996509
0.7152146369990078
0.8004228740010149
0.7451415010000346
0.773864319000495
0.7305532430000312
0.7429979120006465
0.792404441999679
0.7293983090003167
0.8043991750000714
0.7364470640004583
0.7234958739991271
0.8319976660004613
0.7512401179992594
0.7721591480003553
0.8546235009998782
0.7478899899997487
0.7788823199989565
0.7666993620005087
0.7556847779997042
0.7462121740009025
0.8233546859992202
0.7183595759997843
0.7604734399992594
0.7249420219995955
0.7757258179990458
0.7365870739995444
1.595059831000981
0.9286315939989436
0.7854037619999872
0.7679773649997514
0.7321554689988261
0.8673499139986234
0.7135404419987026
0.8317831479998858
0.6953170390006562
0.7667098669990082
0.7197783439987688
0.7605454309996276
0.9748692430002848
0.7249959030013997
0.7153336530009256
0.7854441660001612
0.8370554009998159
0.7814064450012665
0.7285047320001468
0.7653592569986358
0.8201974169987807
0.7784137929993449
0.7190697490004823
0.7719469519997801
0.7702483659995778
0.7916500770006678
0.7690002969993657
0.7790285329992912
0.8074656589997176
0.7274489340015862
0.7494061380002677
0.6861362509989704
0.742542432000846
0.7971861719997833
0.7737830109999777
0.7698643390012876
0.7666803069987509
0.7356016440007807
0.7758496499991452
0.7314089430001331
0.7356322480009112
0.8477416960013215
0.766371853000237
0.8202703080005449
0.7119759509987489
0.7800787380001566
0.8521537010001339
0.7981412009994528
0.7850528599992685
0.7652030429999286
1.1665258680004627
1.5398330719999649
0.8001742059987009
0.9954177190011251
0.7135401270006696
0.9636558830006834
1.553255214001183
0.9732772109982761
0.9185262699993473
0.7344205360004707
1.0607524949991785
1.2663535100000445
1.0455731139991258
0.7619591019993095
0.8829435190000368
1.0791178890012816
0.9709545179994166
1.0773326469989115
0.7301470000002155
1.7175011830004223
1.0021461420001287
1.1336370000008174
0.9089094490009302
0.751299129000472
0.7562355179998121
0.9547090380001464
0.8378777650013944
0.7710813059984503
0.7476206020000973
0.7310039280000638
0.7633149060002324
0.8857333370015112
0.7244380689990066
0.7497785740015388
0.8003235260002839
0.7917195940008241
0.7994365070007916
0.8709928839998611
0.6903509290004877
0.7675507219992141
0.8492319619999762
0.7719264560000738
0.7399831249986164
0.7321421639990149
0.9292449580007087
0.7505838640008733
0.7741297980010131
0.8554163799999515
0.729865298999357
0.7578458659991156
1.0470403239996813
1.553073172999575
0.9109772079991671
1.0333712820010987
0.7382513209995523
1.0341616360001353
0.7504550579997158
0.9625482500014186
1.025523571001031
1.012544485000035
0.7572385919993394
0.7382744240003376
1.5015823479989194
0.7180844060003437
1.3919412550003472
0.7574315940000815
1.034327145998759
0.7880305470007443
1.1276644030003808
1.0465985970004112
0.7515175150001596
0.7629162949997408
1.3655511519991705
0.7177561890002835
0.7975091700009216
0.7618300620015361
0.7562075730002107
0.82338393900136
0.8416162730009091
0.7807748949999223
0.7223101379986474
0.7147897449995071
0.7162279909989593
0.7765598080004565
0.767423173001589
0.7544328610001685
0.739690716000041
0.8210723680003866
0.7677682000012283
0.7221099069993215
0.7277597899992543
0.7310776640006225
0.8400977290002629
0.7254081070004759
0.7487785480007005
0.7909684619990003
0.8096141059995716
0.8188517809994664
1.2950276550000126
0.7418301239995344
0.7246256360012922
0.7336531870005274
1.167136402998949
0.81180373800089
0.7380161290002434
0.8041388479996385
0.7411603769996873
0.8597652090011252
0.7622981810000056
0.7809226959998341
0.950552788001005
0.7524998929984577
0.8016852860000654
0.8523858110002038
0.7282588229991234
0.8212448909998784
1.1294024660001014
1.0775047770002857
1.5008506399990438
0.7698483179992763
0.7062050170006842
0.8451568860000407
0.8297460270005104
0.8617662260003272
0.8075695779989474
0.7447022490014206
0.7485390599995299
0.7311112770003092
0.8579836179997073
0.768061665001369
0.7729266309997911
0.7107882920008706
0.7239185920007003
0.7233073420011351
0.6993611300003977
0.7340937259996281
0.7782510689994524
0.7177207290005754
0.789690409999821
0.7643075470004987
0.7437576119991718
0.8590110539989837
0.7823645779990329
0.7845580749999499
0.8320424379999167
0.7605412190005154
0.713176081999336
0.8021635379991494
0.752987846999531
0.8139863380001771
0.762531394000689
0.8151061829994433
0.7883833910000249
0.7229367870004353
0.7912106789990503
0.7774765009999101
0.7984890850002557
0.7804466770012368
0.7735054980003042
0.7423611040012474
0.8542703109997092
0.7739031860000978
0.809273333999954
0.7717099370001961
0.7778480580000178
0.7655122529995424
0.7684740179993241
0.7846584529997926
0.7809406069991383
0.744186219999392
0.7851055480005016
0.7902337420000549
0.7451086869987193
0.7760309599998436
0.879111919000934
0.7556516709992138
0.8011663020006381
0.7729795960003685
0.7418981629998598
0.7360686560004979
0.7935269150002568
0.7280903780010703
0.7668255660009891
0.7125370350004232
0.7579521120005666
0.7346307410007284
0.8563214610003342
0.7663092319999123
0.7972132649993
0.7550670260006882
0.7257778510011121
0.7874928420005745
0.7555674719988019
1.2155608020002546
0.7823254989998532
0.7129227060013363
0.730631626000104
1.2159610540002177
2.3523961439987033
0.7611235080003098
0.7466103540009499
0.8307620100003987
0.7447275449994777
0.7391460170001665
0.9352597839988448
0.721152329000688
1.6196418389990868
0.9132835179989343
0.781773565999174
0.9826933420008572
0.7557377069988434
1.0367475200000627
1.0439296680015104
1.138535698000851
1.036375814999701
0.843856802001028
1.0608822970007168
1.0376520360005088
0.7492109510003502
1.2374891130002652
1.1116000989986787
0.6943291499992483
1.0457828949984105
0.8630646569999953
1.0343604150002648
1.221810758999709
0.8062949319992185
1.0248956790001102
0.9073440659994958
0.8702152859987109
1.0005587859996012
0.792062561999046
0.7159789060006005
0.8248002500004077
0.7619385060006607
0.7389298309990409
0.7898973749997822
0.755460062999191
0.7514384240002983
0.8074348400004965
0.7818019699989236
0.7261347029998433
0.7850696249988687
0.8629419349999807
0.7393665290001081
0.8798359069987782
1.280089986999883
0.9788762169991969
1.1395401580011821
1.0870408749997296
0.7472593870006676
1.1447160959996836
1.0244168199988053
1.1106346569995367
0.7237666880009783
1.1613138430002437
1.030806044998826
0.8258558020006603
0.9971614489986678
1.4765645899988158
1.3626010030002362
0.8652648749994114
0.9687488990002748
1.0980052779996186
2.147374050999133
1.5267264089998207
0.8514158770012727
0.7568623719998868
0.7392580619998625
0.7563360839994857
0.7720907699986128
0.7514518070001941
0.7391255330003332
0.741280086000188
0.8095941559986386
0.8130884339989279
0.746843347000322
0.755535089998375
1.025559229999999
0.767401818999133
0.8749081189998833
0.7355849579998903
1.4949383160001162
1.6272962500006543
0.9786027709997143
0.9764665010006865
0.751300435000303
1.6953114939988154
0.9406630399989808
0.760815139999977
1.035399761998633
1.0601970579991757
0.8688696669996716
1.01565649999975
1.0745825270005298
1.5293841349994182
0.722429657000248
1.0826050270006817
1.0478094179998152
0.8641334780004399
0.9855694910002057
0.7178872530002991
0.8040212320011051
0.7150065829991945
0.8476963660014007
0.7985813689992938
0.7323978479998914
0.8029204199992819
0.7667759149990161
0.7242377369984752
0.810507547999805
0.7171553330008464
0.7199143420002656
0.8310203929995623
0.7679107460007799
0.8311452099987946
0.7704350010008056
0.874556181999651
0.7524498250004399
0.792584402999637
1.711573202001091
1.0098185839997313
0.8007096410001395
1.0763731850001932
1.075050295001347
1.126165982999737
1.0611401709993515
1.1139766369997233
1.2998763719988347
1.114853413999299
1.0167392809999
0.8088488749999669
1.8440618429995084
1.5264831120002782
0.7717371079997974
1.0472203139997873
0.7935039760013751
1.677659675000541
0.7221672659998148
0.8086229539985652
0.8000091949998023
0.7819250339998689
0.7671087279995845
0.7680352019997372
0.7905456900007266
0.789905458001158
0.7352002170009655
0.7803106350002054
0.8000331160001224
0.8157250460008072
0.8020204129988997
0.8377997809984663
0.7353203540005779
1.1782591739993222
1.1404845909983123
0.9454952430005505
1.1837191119993804
1.07942611100043
1.0613922649990855
1.0958943710011226
1.1228978889994323
0.7399678270012373
1.0380648720001773
1.0286068800014618
1.0958472390011593
0.7970983139985037
1.5296991939994768
0.7022049919996789
0.7042005470011645
1.0668685180007742
0.8989020079989132
1.0171786139999313
1.072611023000718
1.0658558380000613
0.6599636660012038
0.9038390050009184
0.8641796779993456
0.6890415159996337
0.7556578269995953
0.8805414029993699
0.8361760679999861
0.7288728679995984
0.7799534330006281
0.7438861040009215
0.7996717679998255
0.714936073998615
0.7356138049999572
0.7673470700010512
0.7560296329993434
0.7941965720001463
1.9365358059985738
0.7971838250014116
0.9527129220005008
1.1170243920005305
0.7254835160001676
0.9639897189990734
0.9920160980000219
0.9362357150002936
0.7214956939988042
2.166041630000109
1.1631189190011355
1.049592389999816
1.3092136579998623
0.8633932609991462
4.413437723000243
0.6799229379994358
0.7328032670011453
0.8392748199985363
0.7869909889996052
0.8742285379994428
0.7516584670011071
0.7191160999991553
0.8837253889996646
0.7449964279985579
0.7607440829997358
0.9011982320007519
0.7958217060004245
0.7152580170004512
0.859215389999008
0.7181848050004191
0.7448924390009779
0.7970689779995155
0.8269462839998596
0.8470471340006043
0.8889041319998796
0.8345988029996079
0.8147007860006852
0.8944009509996249
0.9696690130003844
1.372168555000826
1.0182149279989972
1.0472146899992367
0.7505308069994499
0.9389934509999875
0.7098225789995922
1.005088407000585
1.0620544379999046
1.0126812599992263
0.7777857599994604
1.0059151670011488
1.1290901689990278
1.0661834260008618
0.7856042240000534
1.4599363859997538
0.9187513850010873
0.7563470839995716
0.9649036199989496
0.8336227059990051
0.7694065479990968
0.688804445999267
0.7524098909998429
0.8213986500013561
0.8372057500000665
0.8315621970014035
0.7839927770000941
0.7406119249990297
0.7199778579997655
0.7522386229993572
0.7786340410002595
0.8002939319994766
0.7604190060010296
0.8531572660012898
0.799408073999075
0.7399519770006009
0.9196260180015088
1.3810174129994266
0.9735482699998101
0.9885618970001815
1.0562488399991707
1.2579300129982585
1.0427387239997188
1.1271245160005492
1.0075815669988515
1.1439603859998897
0.7279929510004877
0.8549094770005468
1.113630199999534
1.038692871999956
1.248961478999263
1.5440131519990246
0.9949996380000812
0.7696137790007924
0.7491690249989915
1.0646709539996664
1.4611171760006982
1.1611029810010223
0.8725710399994568
1.098604435001107
1.0556945759999508
0.7422642729998188
0.9564970660012477
0.8155202929992811
0.81572529100049
0.7544790800002374
0.7493462439997529
0.7355302360010683
0.7841471349984204
0.7806552259989985
0.7677929139990738
0.7508786230009719
0.761918197000341
0.7765241240012983
0.812014655000894
0.7941360229997372
0.7941896900010761
0.7662783809992106
0.7092943289990217
0.8210823099998379
0.7679229229997873
0.7585335370004032
0.7717532379992917
0.7889662319994386
0.8325473299992154
0.8329199010004231
0.7423678169998311
0.7961899040001299
0.8167915670001094
0.8016970730004687
0.7277877640008228
0.7299834290006402
0.7472759770007542
0.8833706789991993
0.8440967990009085
0.7508584439983679
0.7947636320004676
0.7617013369999768
0.758591368999987
0.919106235000072
0.7763483970011293
0.7796975300007034
0.8148682890005148
1.2073854459995346
0.793780854999568
0.7402625239992631
0.7602458430010302
0.7055169510003907
0.8024655490007717
0.7299036510012229
0.715341057999467
0.8188090359999478
0.7806342919993767
0.7604856429989013
0.7591497319990594
0.7620843140011857
1.2582884910007124
1.0639210600002116
1.0007489010004065
1.0107494509993558
0.6858204769996519
1.1229499189994385
0.9774019390006288
1.1256973580002523
1.0037417149997054
0.741747996000413
0.9518437949991494
0.7218339390001347
0.9838414580008248
1.8314860089994909
0.7112990300011006
0.9550430859999324
1.0848929879994103
1.0403327710009762
0.9512179989997094
0.9883387019999645
0.7350497429997631
0.8358955660005449
0.7124761740014947
0.7130999660002999
0.7400044559999515
0.7850659870000527
0.977628986000127
0.7474806430000172
0.7763527259994589
0.8183114350013057
0.7677433319986449
0.7746662080007809
0.7122104629997921
0.7405705150013091
0.7867275710013928
0.8254291670000384
0.826438527999926
0.8069166870009212
0.7942256110000017
1.482527100999505
1.1122098070009088
1.1204935770001612
1.056298573001186
1.0411736519999977
1.1192315030002646
1.0317183789993578
0.8482931580001605
1.0590759620008612
1.0554336860004696
1.107492834000368
1.268796485999701
1.0487187949984218
0.9460283210009948
1.154643075000422
1.0622111639986542
0.9629732299999887
0.9743385270012368
1.1989382900010241
0.7488368520007498
0.9723290330002783
0.7385931230001006
1.0886418959998991
0.7382277079996129
0.9257903429988801
1.987488538999969
1.03775191800014
1.085471148000579
1.1030230300002586
1.0453536250006437
0.7303888870010269
1.1048572020008578
1.0115546679990075
0.828695300999243
1.1891720359999454
1.0406104769990634
0.7125507740001922
1.6075606260001223
1.118659576999562
1.081037785999797
1.0966874639998423
0.737705678000566
0.8989409299992985
1.6495745939992048
1.5446446010009822
1.55261126699952
1.044689157999528
1.0116606909996335
1.193180484999175
1.024814286000037
0.7680151469994598
0.8095995140010928
0.7487457650004217
0.7713001530009933
0.9071987150000496
0.7527667089998431
0.7265685069996834
0.7777315929997712
0.7583875640011684
0.6953058549988782
0.8253490309998597
1.074853580999843
1.087919804998819
1.0562539160000597
1.0916562530001102
1.1251745890003804
1.0537776119999762
1.1197414790003677
1.0503505569995468
0.721152054000413
1.0933261709997169
1.1606343399998877
1.0776555690008536
1.2764095880011155
1.0698636680008349
0.9685242809991905
0.8509318520009401
1.0527435630010586
0.7367844820000755
1.660538156000257
1.1254316270005802
1.0826642550000543
1.0880174809990422
0.8782152010007849
1.0351271540002926
0.7836654140010069
1.1122431559997494
0.7672979300004954
0.8860513519994129
0.769476540001051
0.8341098470009456
0.8527233870008786
0.8391750209993916
0.7807069680002314
1.6585371860001032
0.7826403220005886
1.0609128399992187
1.0250334169995767
0.7347553719991993
1.0052199849997123
0.7695323999996617
1.0900941330000933
1.0600254669989226
0.9173376509988884
0.9301432660013234
1.1376562059995194
1.051613666000776
1.3405191010006092
1.0358139910003956
1.1315888089993678
0.7410390980003285
1.148321536000367
0.7858556390001468
0.7465131940007268
0.8153930549997312
0.8407259350005916
0.8243321340014518
0.7411043969987077
0.838749344999087
0.7630192390006414
0.736813274999804
0.8380280769997626
0.7804385689996707
0.7773977849992662
0.7381094499996834
0.7965167469992593
0.8295675520002987
0.7222698479999963
0.7235147989995312
0.7184000899997045
0.7988003020000178
0.7774875119994249
0.8679918830002862
0.786343425999803
0.789166844000647
0.804280120999465
0.795339394999246
0.7889669030009827
1.3409139850009524
0.8102121779993467
0.7814506640006584
0.8345491620002576
0.8873230339995644
0.7618668769991928
0.8741781819990138
0.7778062770012184
0.8330056439990585
0.8251266659990506
0.7574783299987757
0.7228182070011826
0.827492329000961
0.7690313850016537
0.8079863919992931
0.7231767239991314
0.7938595880004868
0.7964747290006926
0.7752669010005775
0.777810857998702
0.7459951149994595
0.7278077009996196
0.8498454309992667
0.8136868789988512
0.825754761999633
0.776770612999826
0.9060508839993417
0.738942298999973
0.7716903120017378
0.825899503999608
0.7898032839984808
0.7402092890006315
0.7337800749992311
0.7968857350006147
0.7732003749988507
0.817289462998815
0.7859014000005118
0.8126425459995517
0.7877321239993762
1.0172424709999177
0.7926508550008293
0.7645321119998698
0.7536600160001399
1.317663462001292
1.0295407630001137
0.9827211120009451
0.791950144999646
1.0176922340015153
1.0661223360002623
1.0284800379995431
1.2079782470009377
1.0454661329986266
0.8551179210007831
0.9729807330004405
1.1440310250000039
0.7290454880003381
1.1304123640002217
1.436895259999801
1.0663807700002508
0.706859985999472
1.0547395150006196
1.0063353219993587
0.9094026389993815
1.4905752260001464
1.0967161650005437
0.9055032169999322
0.8090577149996534
0.8016323989995726
0.7142401049986802
0.8457279519989243
0.8543114980002429
0.7201079559999926
0.755468130000736
0.8020027499987918
0.8197691700006544
0.7911424680005439
0.7674440520004282
1.1010053179998067
0.9326859239990881
0.7319234930000675
0.7386935380000068
0.9198260319990368
0.8314175800005614
0.7977185010004177
0.8609753490000003
0.8593400129993825
0.8302609269994718
0.8080591620000632
0.8156275149995054
0.8311111240000173
0.7193182330011041
0.7258310950001032
0.7148694610004895
0.8290342569998757
0.6958690360006585
0.8124793450006109
0.7526347620005254
0.8464194609987317
0.7696482459996332
0.7260813180000696
0.7938325850009278
0.8565641039986076
0.8448046270004852
0.7867958770002588
0.7770447689999855
0.9729607699991902
0.7768701229997532
0.9063529380000546
0.8480432469987136
0.8098532120002346
0.7230221680001705
0.8579237449994253
0.7914952069986612
0.7403115940014686
0.8636192089998076
0.7695373110000219
0.8161444319994189
0.7996973140016053
0.84916996299944
0.8215838430005533
0.7567703810000239
0.8322371660015051
0.8155244039990066
0.7383887649993994
0.813537219999489
0.8694404729994858
0.8201871379988006
0.7437144739997166
0.7820413239987829
0.7766966729996057
0.8500692390007316
0.7425796540010197
0.7764498259984975
0.7510096289988724
0.8009541999999783
0.6997475910011417
0.7467848740016052
0.910559228999773
0.6977365369984909
0.8132010819990683
0.7850188749998779
0.7602003940010036
0.8220251460006693
0.8261712179992173
0.7563502480006719
0.7715157309994538
0.7940533820001292
0.6915109710007528
0.804188101001273
0.9135249280006974
0.7653646269991441
0.8978645080005663
0.7583899539986305
0.7541284589988209
0.7280374719994143
0.846168251000563
0.7815150090009411
0.9247027310011617
0.8150325179994979
0.9027731490004953
1.2881357629994454
1.1393900590010162
0.7528929939999216
0.8203925990001153
0.7802413399986108
0.7795965139994223
0.7822225250001793
1.1091375229989353
1.670765652001137
1.0332242980002775
1.0920110620008927
1.0216313010005251
1.055074384999898
1.134489209000094
1.0838796450007067
1.0808456000013393
1.0664892589993542
1.169971961000556
1.146612724998704
1.121019308000541
1.513365323000471
1.1493605169998773
1.0063385699995706
0.734371167000063
1.0703306550003617
1.1973893889989995
0.8353118939994602
0.829297674999907
0.7464517000007618
0.7964418459996523
0.9114823449999676
0.7427246820006985
0.7672360189990286
0.8095097030000034
0.7759034730006533
0.7374202530008915
0.8453310059994692
0.7634823909993429
0.7756002369987982
0.7806687249994866
0.7036181929997838
0.8163427520012192
1.5989192189990717
0.937385044999246
1.0170749970002362
1.0647141480003484
1.1268337330002396
1.087323171999742
0.684022534000178
1.0757591359997605
1.0458302050010388
0.764896234999469
1.081233937999059
1.0827262210004847
0.7641693370005669
0.9624476810004126
0.8035357540011319
1.0478372639990994
1.0310154649996548
0.8906231919991114
1.099998780999158
1.4008628569990833
1.040388803001406
0.7393923399995401
0.9018303089997062
1.0084466690004774
0.7675047740012815
0.826926977999392
0.8169369079987518
0.7719226389999676
0.8657968440002151
0.818593227000747
0.7476556900001015
0.7977610580001055
0.8054123729998537
0.7919305229988822
0.7703387120000116
0.8203098049998516
0.8981330179994984
0.7549927319996641
0.7184697150005377
0.7128068620004342
0.838654184999541
0.7772727779993147
0.7506420909994631
0.7545834419997846
0.8726717110002937
0.7694340949983598
0.7455338449999545
0.7386854300002597
0.7716772969997692
0.8880015640006604
0.820479437999893
0.7944994669996959
0.7944299129994761
0.8392489249999926
0.8227008630001365
0.7861330859996087
0.7964757460013061
0.7465833940004813
0.7935216269997909
0.7696649310000794
0.8517252889996598
0.84226004699849
0.8281835350007896
0.7539995280003495
0.7636150470007124
0.8092278300009639
0.8207097939994128
0.7152769029999035
0.7996671829987463
0.7500768449990574
0.7921519040010025
0.7283107789990027
0.7600865280001017
0.8215615659992181
0.7218033049994119
0.8328405140000541
0.7737869340016914
0.7061026789997413
0.8815177119995496
0.9168186679999053
0.831910617000176
0.7801665229999344
0.8087867469985213
0.7136359050000465
0.8957432440001867
1.2926620700000058
1.4683075100001588
1.090368760000274
1.0164054739998392
0.9016071349997219
1.1411883479995595
0.9981003550001333
1.0937271390012029
1.0769517270000506
1.0627892709999287
1.0401602490001096
0.9554413239984569
1.0897369949998392
1.657978658000502
1.1289197860005515
0.7349935580004967
1.992480164999506
0.9092446979993838
1.0409500240002671
0.7997441229999822
1.0932172259999788
0.9877913339987572
1.0708396840000205
0.7905488060005155
0.7264586439996492
0.8327546769996843
0.793003728000258
0.8189864960004343
0.8068088719992375
1.09232488699854
0.824051318999409
0.766583852999247
0.889696965999974
0.8479738859987265
1.2187898970005335
1.3286502490009298
1.0594715579991316
1.6975835940011166
1.1005658129997755
1.0529550119990745
0.9634160579989839
1.086067844000354
0.7770129799991992
1.0513202149995777
1.135400760000266
0.7964425529989967
1.7585708309998154
1.02204507299939
1.1968412650003302
1.0089319590006198
0.7828547790013545
0.8718208690006577
0.7668332479988749
0.8299363829992217
0.7636729270016076
0.8867428009998548
0.7885488179999811
0.758942880000177
0.9526055210008053
0.8730041199996776
0.7395370119993459
0.7349896479991003
0.8438222330005374
0.8539399890014465
0.7599173919988971
0.7636512449989823
0.7854649809996772
0.8101050400000531
0.888946783999927
0.8421326970001246
0.8240000380010315
0.8309434900002088
1.1361243020000984
1.4684424300012324
1.034846127999117
1.2344943049993162
1.4040529019985115
1.0695597590001853
1.0144673800004966
1.0742604739989474
0.7064370770003734
0.9915632310003275
1.0000677979987813
1.157919191999099
1.2393045610006084
0.804558101001021
0.9248482250004599
1.0974237739992532
1.0877107010001055
1.0675266180005565
0.8726679859992146
0.8114523879994522
0.8127393209997535
0.723136828000861
0.8100427539993689
0.8216948099998262
0.7326500330000272
0.8175274980003451
0.8480432420001307
0.7744174119998206
0.7927859949995764
0.7454486349997751
0.7778716940010781
0.7633787220001977
0.8906775949999428
0.7738721959995019
2.3733166880010685
1.436012928999844
0.8963919679990795
0.7544075700006942
0.9420694199998252
1.053207745000691
0.9693082529993262
1.0456139670004632
0.8783475879990874
1.1534648420001758
1.005662368999765
1.0741212510001787
0.7334013290001167
1.2392980770000577
1.000286775000859
1.1038921899998968
0.7611109540011967
0.910342359000424
0.7608743089986092
0.8472005000003264
0.8824768489994312
0.7845061930001975
0.8228518269988854
0.7605896080003731
0.7470520719998603
0.7931643519987119
0.8497087749983621
0.7367809860006673
0.7676457280012983
0.885032123000201
0.7866341020016989
0.7535166599991499
0.8845302019999508
0.8254166940005234
0.6905374850011867
0.7684960910009977
0.7777673170003254
0.8197218229997816
0.8332063799989555
0.792488029001106
0.8566051010002411
0.8611490200000844
0.7939257380003255
0.7408637829994404
0.8387907719989016
0.7654846400000679
0.7428995230002329
0.864300548000756
0.7879785550012457
0.8275896399991325
0.9392460529998061
0.8544270319998759
0.8202418589989975
0.8007956380006362
0.7911261930003093
0.8032798919994093
0.8013488369997503
0.7378876670009049
0.7859785960008594
0.6945893579995754
0.7529023750012129
0.7342468320002808
0.7603783959984867
0.8286581140000635
0.7485615290006535
0.7601138629997877
0.765401220000058
0.8313185710012476
0.7602246400001604
0.7311129190002248
0.8129014149999421
0.8317201980007667
0.7307542750004359
0.7547473599988734
0.8255315169990354
0.7209723500000109
0.839873880999221
0.7710345939995022
0.7175430309998774
0.899834899999405
0.8361805830008961
0.9632129990004614
0.8091808049994142
0.7329905330007023
0.7959528379997209
1.491184862999944
1.4000346419998095
0.963414592000845
1.0016232270008913
0.6989222119991609
1.0201481439999043
1.0856130739994114
1.164094268999179
0.9781816560007428
0.7038846840005135
1.0361940109996794
0.7182674920004501
1.1585139720009465
1.1812082930009637
1.143941927000924
0.7258374569992156
1.0785338300011063
1.131840710000688
1.2461516379989916
1.6727535650006757
1.0228784560003987
0.9166266010015534
1.1216872360000707
0.9993930889995681
0.7441550809999171
1.7493791520009836
1.0890152709998802
0.810962406998442
0.7537641939998139
0.7847329729993362
0.8908665150011075
0.7624573699995381
0.7289100799989683
0.8682980839985248
0.7879083690004336
0.8275194359994202
0.8384633500008931
0.7699931150000339
0.8596288709995861
0.828836404998583
0.8354796940002416
0.8613404670013551
0.7648021280001558
0.7773436759998731
0.7623099299999012
0.7254123370003072
0.7547305770003732
0.7911699329997646
0.869291744000293
0.7897089099988079
0.8722360490010033
0.8151712600010796
0.7692406240003038
0.8322355240015895
0.7285861790005583
0.7679326010002114
0.7714243260015792
0.7202507959991635
0.6727302309991501
0.8112356510009704
0.8174617770000623
0.7174787309995736
0.814620211998772
0.7587910599995666
0.7428737850004836
0.7800474859996029
0.7745727050005371
0.7938214850000804
0.7770639789996494
0.8196588139999221
0.7229456250006479
0.7636596989996178
0.8329077430007601
0.7777161760004674
0.785882099000446
0.7338249849999556
0.7313156759992125
0.8007776239992381
0.7963885930003016
0.8191423380012566
0.9006499880015326
0.7726580969992938
0.6883719939996809
0.7427727899994352
0.9347685890006687
0.7478441669991298
0.727659156998925
0.8571223669987376
0.7463923849991261
0.7942668550003873
0.763605109999844
1.0399651059997268
0.7795688659989537
0.8481617309989815
0.7614877979995072
0.8926363630016567
0.8616226579997601
0.7889993690005213
0.7770870019994618
0.7758205689988245
0.8294823360010923
0.8451231320013903
0.8283160510000016
0.8028027390009811
0.7870104459998402
0.8156708210008219
0.9012607269996806
0.7037089240002388
0.749142528999073
0.8004616700000042
0.7862842859994998
0.7574798020013986
0.7580167420001089
0.8011933300003875
0.756315832000837
0.7837360889989213
0.7665749560001132
0.7926924300008977
0.7701275529998384
0.7723732169997675
1.221507438000117
0.7618053360001795
0.6958830940002372
0.7740109790011047
0.8828841100003046
0.9028420670001651
0.8162150039988774
0.7194383890000609
0.8170066259990563
0.7922140099999524
0.8381525730001158
0.7868859690006502
0.8363278879987774
0.783781165999244
0.887220291999256
0.7764410500003578
0.8013064989991108
0.8779132519994164
0.8033403509998607
0.7463968000010937
0.8815054950009653
0.7241777709987218
0.8091006850008853
0.709886259999621
0.7967413030000898
0.8195235679995676
0.7546438529989246
0.7655511369994201
0.8331031990001065
0.8577852230009739
0.7715081370006374
0.7562308379983733
0.7760804090012243
0.9714109380001901
0.8354769170000509
0.756858500000817
0.8934961810009554
0.8379755610003485
0.8221620820004318
0.7061639450002986
0.7216670380003052
0.857209748999594
0.8152434999992693
0.6866856319993531
0.8027514530003828
0.8265512819998548
0.7724716299999272
0.7668422400001873
0.747827421000693
0.7689354979993368
0.7672592729995813
0.8185883950009156
0.6944669470012741
0.9169964970005822
0.8291032029992493
0.706955569999991
0.7713934559997142
0.7589573339992057
0.8064073450004798
0.7691685699992377
0.7656651779998356
0.8524757220002357
0.9891613660001894
1.3145698999996966
0.9987346090001665
0.8761845160006487
0.7684833929997694
0.8017987049988733
0.7654674589994102
0.7956536719993892
0.7057405279992963
0.7375493919989822
0.8671428069992544
0.7604396930000803
0.8111934879998444
0.8783341830003337
0.7771178860002692
0.75570138600051
0.868223315999785
0.815301800999805
0.7324823849994573
0.8611516060009308
0.7580152360005741
0.77173392000077
0.7929523670009075
0.7923490020002646
0.74330500600081
0.8131940820003365
0.6843970099998842
0.7356157269987307
0.8694693800007371
0.8331616700015729
0.8377811820009811
0.8300365700015391
0.8103338870005246
0.7726822459990217
0.8018577829989226
0.800719498000035
0.8723567249999178
0.740245535998838
0.7640766430013173
0.7195548249983403
0.7949345159995573
0.8241890899989812
0.8106273489993328
0.7696977939995122
0.779288665000422
0.8246548639999673
0.803302807998989
0.7799776599986217
0.8351604689996748
0.7896771969990368
0.7559048519997305
0.8900499280007352
0.7543009589990106
0.7313205300015397
1.0686125649990572
0.8959338539989403
0.8533565560010175
0.7459017620003578
0.7588597499998286
0.800563113998578
0.7471787140002562
0.8612117220000073
0.764843489998384
0.7205224299996189
0.8561662339998293
0.6831341750003048
0.6929033779997553
0.8269433629993728
0.8084787799998594
0.7027584329989622
0.7239228620001086
0.8072756439996738
0.7507275520001713
0.7493382869997731
0.7432293260008009
0.7384538160004013
0.823250272000223
0.7680357640001603
0.732596840000042
0.7495666869999695
0.7516901010003494
0.8257080309995217
0.8037993340003595
0.8077330070009339
0.8737294750008004
0.7813251740008127
0.8198239720004494
0.7619491160003236
0.7673969229999784
0.8323468660000799
0.9100853210002242
0.7495646860006673
0.8210038189990883
0.7991701629998715
0.90028115899986
0.7791133049995551
0.7239637620004942
0.8755964619995211
0.7518257640003867
0.8469400800004223
0.8802900259997841
0.7174752559985791
0.7326223150012083
1.3330324190010288
0.775856123000267
0.6549754659990867
0.7760826849989826
0.8000967870011664
0.7535089680004603
0.8256412610007828
0.8493508199990174
0.7633862990005582
0.9896520210004383
0.7845240460010245
0.7411376430009113
0.6790221350001957
0.6883752970006753
0.8780458420005743
0.6608194929995079
0.8086320559996238
0.7731417000013607
0.8203162370009522
0.7105019249993347
0.788675574998706
1.0303907729994535
0.8768761339997582
0.8028912930003571
0.6918410750004114
0.8527079310006229
0.8513791920013318
0.7618658860010328
0.8916189030005626
0.9111189320010453
0.767331031998765
0.8095030559998122
0.8105547260001913
0.8369916109986661
0.7009285970016208
0.7946206569995411
0.7788739170009649
0.7668310110002494
0.8761807920000138
0.9423480719997315
0.686002851000012
0.7420095400011633
0.8932107879991236
0.7397803080002632
0.7640381519995572
0.7580422099999851
0.8451228250014537
0.8268879360002757
0.8999704859998019
0.7217288160009048
0.7619133459993463
0.8914932719999342
0.8401197519997368
0.7586871769999561
0.7287175159999606
0.699713967000207
0.8146212139999989
0.766693089999535
0.7825890780004556
1.4627317720005522
0.8544935190002434
0.832507932000226
0.7754993870003091
0.7821519280005305
0.878797179000685
0.9059743610014266
0.6784024949993182
0.8698154110006726
0.813333870999486
0.7707187559990416
0.8169614340004046
0.7509364739999
0.8200320350006223
0.7696838150004623
0.8157944550002867
0.7997710010004084
0.759788388000743
0.7858529969998926
0.7348106520003057
0.7470968580000772
0.8549911910013179
0.8475685140001588
0.8704691389993968
0.7484961250011111
0.7117066320006415
0.7428568459999951
0.7924604400013777
0.8697160290012107
0.8403668989994912
0.7477413059987157
0.8227174380008364
0.6584440949991404
0.6572549219999928
0.733498903000509
0.7182613099994342
0.6864782659995399
0.8293876619991352
0.9361869450003724
0.7194110419986828
0.6922417920013686
0.6990371110005071
0.7381319440009975
0.7363328240007831
0.7652896820000024
0.7041986790009105
0.7011962810011028
0.7668308669999533
0.6023312890010857
0.6603667709987349
0.684493836000911
0.7186286490014027
0.6977188790006039
0.6949177979986416
0.6753586040013033
0.6728137089994561
0.9429185999997571
0.6835680309995951
2.956899198999963
1.7769801570011623
2.2675457440000173
2.2768631279996043
2.4750825699993584
3.0399572139995144
3.4598714759995346
1.1883130309997796
1.6105864759992983
1.1978798309992271
6.714262739000333
4.048429970000143
4.149222373998782
3.3795809029998054
1.8352187989985396
2.9387685239998973
4.916499425000438
2.917386606999571
2.1895235610008967
3.3959147589994245
3.1333722159997706
2.1861924330005422
4.3105339979993005
3.5213714010005788
6.641444184999273
3.0730741699990176
4.931981595000252
2.8625003000015568
3.852916768999421
3.049167346000104
3.4234196369998244
3.490658861001066
3.231213871998989
3.9860968489992956
2.4709526380011084
2.295172056999945
3.0009648020004533
3.1816869440008304
3.9989531689989235
2.814599499000906
2.256418457000109
2.92688073699901
4.054324483000528
2.870700815999953
3.8719311709992326
3.476534282999637
3.6394566069993743
2.905512520001139
2.2549113200002466
2.981475958998999
4.603316742999596
5.153047134999724
3.3119367259987484
4.135719052999775
3.6295204819998617
3.786137756000244
3.8127905590008595
3.435079917000621
7.205629379999664
2.5088387169998896
3.9605895209988375
4.349403452000843
4.354375496001012
2.7684855479983526
3.3832222769997315
3.9760052780002297
3.99155228500058
2.907477389999258
4.4758289649998915
2.736848242000633
5.605146528001569
2.1757781229989632
3.1744155369997316
3.0641182260005735
3.192872735000492
3.105682343000808
4.0143928110010165
3.092165060001207
3.1807196680001653
3.135730916999819
3.1701207300011447
3.5742322980004246
2.6184393249986897
3.2831461549994856
3.720190490999812
5.155768201000683
2.935546039001565
2.1433759209994605
3.992173112999808
3.2210818990006373
3.5363774209999974
2.8953824090003764
3.674631006999334
3.99571357899913
2.861485224999342
4.1623872260006465
2.440773869999248
2.455104675000257
2.3554103410006064
3.4058757059992786
3.4911980840006436
2.708279626998774
2.231114977999823
4.130208399999901
3.0625778499997978
2.951128794999022
3.3008031800000026
5.522154373999001
3.080890809000266
3.3219112219994713
3.028148842999144
2.7068548909992387
3.360350627999651
2.933070270999451
2.7649778749982943
4.7959725159998925
5.6580076569989615
8.543918323999605
4.51785707199997
5.753110939998805
3.991775147998851
8.434847844000615
5.098840479000501
5.666760693999095
6.68659938699966
5.43640686100116
4.513175191999835
5.527055148999352
5.316946779999853
8.27854798699991
8.495144860999062
11.128834642999209
9.43151525200119
4.616035359000307
5.309176370999921
2.6117479459990136
8.526397743000416
3.9194293939999625
8.586232113999358
4.822472215999369
6.007731961999525
4.034249319000082
6.152107179999803
6.2889492210015305
5.504299779000576
6.636829193999802
7.9755817580007715
6.5427849820007395
6.162824897999599
7.272127713000373
7.167198585000733
5.5331526520003536
4.166064244998779
5.4726613580005505
8.682652820998555
7.203569572000561
16.104635924999457
4.440618918999462
4.973275074000412
4.068881073999364
3.8423030840003776
5.666390722999495
4.507615900000019
7.985255143001268
5.128358018000654
6.775926444001016
4.240834027999881
4.527318812000885
5.149442076999549
3.720714950000911
3.0738789759998326
4.290364641999986
4.27529609299927
4.704513746000885
9.678940506999425
6.239699873000063
6.35965265699997
3.4712932710008317
6.453480762000254
3.9424140009996336
4.411899849999827
6.046383230001084
4.397702770000251
10.813808466999035
4.69516205599939
3.5806080940001266
5.53201644299952
5.691080747999877
12.466980786999557
15.084273193000627
9.164024931000313
6.026702451999881
4.860305376001634
6.7596870489996945
6.262683581999227
10.934033207000539
7.907749956999396
8.26598094200017
9.366831566001565
11.17383381199943
4.60897939500137
7.318701378999322
12.32414741699904
8.113209319999442
7.298890736999965
6.611806189999697
4.379334491999543
5.038572026000111
3.8655256780002674
10.098139882999021
8.338313467998887
12.552255302000049
9.976366692999363
9.11709706900001
4.566278561998843
11.716550579998511
11.134189247000904
10.428902841998934
11.76983554400067
14.873858405000647
5.962551438999071
3.4592440420001367
3.864012537000235
3.7024364509998122
2.9647780939994846
2.6772413150010834
3.854102122999393
3.2363072210009705
8.211148227999729
14.708971848000147
12.334136767000018
11.018452522999723
5.388234132000434
3.6841775690008944
6.785186574001273
11.980730114000835
12.214078715000142
7.043781170999864
5.966310027999498
7.582497683999463
11.020429202999367
13.804590263998762
6.402367920998586
10.900488438999673
8.267109798000092
8.66662740799984
5.118264770000678
5.280447240000285
6.5909700880001765
6.948710803000722
5.515679606000049
9.914960319001693
10.670101335001164
7.092495331999089
5.792612131999704
9.957216306000191
4.572993986999791
7.432566565999878
6.020827620999626
5.200712259000284
4.9544296490003035
